,time,obj,iter,type
0,45.91747498512268,2720.0,47671.0,integer
1,29.35399103164673,2720.0,10585.0,integer
2,33.23482418060303,2720.0,11344.0,integer
3,52.34991502761841,2720.0,34783.0,integer
4,89.85199999809265,2720.000000000001,34851.0,integer
5,48.072306871414185,2720.0,24680.0,integer
0,234.74030900001526,2720.0,25342.0,fractional
1,300.0,0.0,0.0,fractional
2,300.0,0.0,0.0,fractional
3,293.506520986557,2720.0,21655.0,fractional
4,267.51140093803406,2720.0000000000014,7422.0,fractional
5,191.7430510520935,2720.0,21284.0,fractional
